# Iblock = block("I", lightBlue5, [[0, 0, 0, 0, 0, 0],
#                                  [0, 2, 2, 2, 2, 0],
#                                  [2, 1, 1, 1, 1, 2],
#                                  [0, 2, 2, 2, 2, 0],
#                                  [0, 0, 0, 0, 0, 0],
#                                  [0, 0, 0, 0, 0, 0]], [[0, 0, 0, 0, 0, 0],
#                                                         [0, 2, 2, 2, 2, 0],
#                                                         [2, 1, 1, 1, 1, 2],
#                                                         [0, 2, 2, 2, 2, 0],
#                                                         [0, 0, 0, 0, 0, 0],
#                                                         [0, 0, 0, 0, 0, 0]], 3, -1)
# #fix center of rotation
# Jblock = block("J", darkBlue6, [[0, 2, 0, 0, 0],
#                                 [2, 1, 2, 2, 0], 
#                                 [2, 1, 1, 1, 2],
#                                 [0, 2, 2, 2, 0],
#                                 [0, 0, 0, 0, 0]], [[0, 2, 0, 0, 0],
#                                                     [2, 1, 2, 2, 0], 
#                                                     [2, 1, 1, 1, 2],
#                                                     [0, 2, 2, 2, 0],
#                                                     [0, 0, 0, 0, 0]],3, 0)
# Lblock = block("L", orange2, [[0, 0, 0, 2, 0],
#                               [0, 2, 2, 1, 2], 
#                               [2, 1, 1, 1, 2],
#                               [0, 2, 2, 2, 0],
#                               [0, 0, 0, 0, 0]], [[0, 0, 0, 2, 0],
#                                                 [0, 2, 2, 1, 2], 
#                                                 [2, 1, 1, 1, 2],
#                                                 [0, 2, 2, 2, 0],
#                                                 [0, 0, 0, 0, 0]],3, 0)
# Oblock = block("O", yellow3, [[0, 2, 2, 0],
#                               [2, 1, 1, 2], 
#                               [2, 1, 1, 2],
#                               [0, 2, 2, 0]], [[0, 2, 2, 0],
#                                             [2, 1, 1, 2], 
#                                             [2, 1, 1, 2],
#                                             [0, 2, 2, 0]],4, 0)
# Sblock = block("S", green4, [[0, 0, 2, 2, 0],
#                              [0, 2, 1, 1, 2], 
#                              [2, 1, 1, 2, 0],
#                              [0, 2, 2, 0, 0],
#                              [0, 0, 0, 0, 0]], [[0, 0, 2, 2, 0],
#                                                 [0, 2, 1, 1, 2], 
#                                                 [2, 1, 1, 2, 0],
#                                                 [0, 2, 2, 0, 0],
#                                                 [0, 0, 0, 0, 0]],3, 0)
# Tblock = block("T", purple7, [[0, 0, 2, 0, 0],
#                               [0, 2, 1, 2, 0], 
#                               [2, 1, 1, 1, 2],
#                               [0, 2, 2, 2, 0],
#                               [0, 0, 0, 0, 0]], [[0, 0, 2, 0, 0],
#                                                 [0, 2, 1, 2, 0], 
#                                                 [2, 1, 1, 1, 2],
#                                                 [0, 2, 2, 2, 0],
#                                                 [0, 0, 0, 0, 0]],3, 0)
# ZBlock = block("Z", red1, [[0, 2, 2, 0, 0],
#                            [2, 1, 1, 2, 0], 
#                            [0, 2, 1, 1, 2],
#                            [0, 0, 2, 2, 0],
#                            [0, 0, 0, 0, 0]], [[0, 2, 2, 0, 0],
#                                                 [2, 1, 1, 2, 0], 
#                                                 [0, 2, 1, 1, 2],
#                                                 [0, 0, 2, 2, 0],
#                                                 [0, 0, 0, 0, 0]],3, 0)
